[9112.0, 9102.0, 9101.9401, 9106.5009765625, 9107.61328125, 9107.4873046875, 9106.3876953125, 9107.4560546875, 9107.3125, 9106.37109375, 9107.2705078125, 9107.591796875, 9106.3857421875, 9107.3935546875, 9107.5654296875, 9106.453125, 9107.193359375, 9107.28125, 9106.5556640625, 9107.541015625, 9107.5087890625]
[9140.0, 9112.02, 9140.0, 9124.3955078125, 9127.578125, 9127.4521484375, 9123.791015625, 9127.349609375, 9126.9658203125, 9123.5126953125, 9127.21875, 9127.7431640625, 9123.7490234375, 9127.4638671875, 9127.66796875, 9123.88671875, 9127.025390625, 9126.876953125, 9124.2841796875, 9127.8232421875, 9127.5087890625]
[9117.5467, 9116.5467, 9117.5467, 9116.9833984375, 9117.0859375, 9117.0986328125, 9116.9599609375, 9117.06640625, 9117.0810546875, 9116.990234375, 9117.091796875, 9117.1083984375, 9116.9814453125, 9117.091796875, 9117.1064453125, 9116.9755859375, 9117.0634765625, 9117.078125, 9116.9765625, 9117.08984375, 9117.1005859375]
[9172.16, 9171.76, 9171.76, 9171.94140625, 9171.986328125, 9171.98046875, 9171.9365234375, 9171.9794921875, 9171.9736328125, 9171.935546875, 9171.9716796875, 9171.9853515625, 9171.9365234375, 9171.9765625, 9171.9833984375, 9171.939453125, 9171.96875, 9171.97265625, 9171.943359375, 9171.982421875, 9171.9814453125]
[9210.15034588, 9208.23999998, 9208.23999998, 9209.0859375, 9209.3017578125, 9209.2939453125, 9209.0439453125, 9209.2861328125, 9209.2607421875, 9209.0244140625, 9209.27734375, 9209.314453125, 9209.041015625, 9209.2939453125, 9209.30859375, 9209.0498046875, 9209.2646484375, 9209.25390625, 9209.0771484375, 9209.318359375, 9209.296875]
[9147.5332155, 9110.0, 9147.5332155, 9126.4013671875, 9130.2470703125, 9130.7021484375, 9125.5302734375, 9129.501953125, 9130.0478515625, 9126.6318359375, 9130.44921875, 9131.08984375, 9126.3310546875, 9130.4423828125, 9130.98046875, 9126.1171875, 9129.38671875, 9129.9296875, 9126.1220703125, 9130.380859375, 9130.7744140625]
[9145.2, 9145.0, 9145.2, 9145.0908203125, 9145.1123046875, 9145.1103515625, 9145.087890625, 9145.109375, 9145.107421875, 9145.087890625, 9145.1064453125, 9145.1123046875, 9145.087890625, 9145.1083984375, 9145.111328125, 9145.08984375, 9145.1044921875, 9145.1064453125, 9145.091796875, 9145.111328125, 9145.111328125]
[9117.0, 9115.01, 9117.0, 9115.8896484375, 9116.1162109375, 9116.107421875, 9115.8466796875, 9116.099609375, 9116.072265625, 9115.8271484375, 9116.08984375, 9116.1279296875, 9115.84375, 9116.1083984375, 9116.1220703125, 9115.853515625, 9116.076171875, 9116.06640625, 9115.8818359375, 9116.1337890625, 9116.111328125]
[9117.0, 9110.0, 9110.0, 9113.0595703125, 9113.77734375, 9113.859375, 9112.896484375, 9113.6376953125, 9113.7373046875, 9113.1015625, 9113.814453125, 9113.931640625, 9113.0458984375, 9113.8125, 9113.912109375, 9113.005859375, 9113.6162109375, 9113.7158203125, 9113.005859375, 9113.80078125, 9113.873046875]
[9145.2, 9111.0, 9111.0, 9126.5009765625, 9130.283203125, 9129.85546875, 9126.1171875, 9129.7490234375, 9129.2587890625, 9126.0595703125, 9129.115234375, 9130.2099609375, 9126.111328125, 9129.53515625, 9130.111328125, 9126.33984375, 9128.853515625, 9129.1494140625, 9126.6904296875, 9130.0341796875, 9129.9228515625]
[9110.1, 9110.00000001, 9110.00000001, 9110.0439453125, 9110.0556640625, 9110.0556640625, 9110.0419921875, 9110.0546875, 9110.052734375, 9110.041015625, 9110.0546875, 9110.0556640625, 9110.0419921875, 9110.0556640625, 9110.0556640625, 9110.0419921875, 9110.0537109375, 9110.052734375, 9110.0439453125, 9110.0556640625, 9110.0556640625]
[9110.1, 9105.01, 9105.0, 9107.228515625, 9107.75, 9107.8095703125, 9107.1103515625, 9107.6484375, 9107.72265625, 9107.259765625, 9107.7783203125, 9107.8642578125, 9107.21875, 9107.775390625, 9107.84765625, 9107.189453125, 9107.6337890625, 9107.705078125, 9107.1904296875, 9107.7685546875, 9107.8212890625]
[9105.0, 9100.00000001, 9100.00000001, 9102.2666015625, 9102.818359375, 9102.755859375, 9102.2099609375, 9102.7392578125, 9102.6689453125, 9102.201171875, 9102.6455078125, 9102.80859375, 9102.208984375, 9102.70703125, 9102.79296875, 9102.2431640625, 9102.6083984375, 9102.6533203125, 9102.2939453125, 9102.7802734375, 9102.765625]
[9079.0, 9065.0, 9079.0, 9071.19140625, 9072.7763671875, 9072.7177734375, 9070.888671875, 9072.658203125, 9072.4755859375, 9070.7490234375, 9072.5888671875, 9072.8662109375, 9070.8681640625, 9072.7197265625, 9072.822265625, 9070.9375, 9072.498046875, 9072.4306640625, 9071.1357421875, 9072.900390625, 9072.748046875]
[9065.0, 9060.01, 9065.0, 9062.1904296875, 9062.701171875, 9062.76171875, 9062.07421875, 9062.6015625, 9062.67578125, 9062.220703125, 9062.728515625, 9062.814453125, 9062.1806640625, 9062.724609375, 9062.7998046875, 9062.15234375, 9062.5869140625, 9062.6591796875, 9062.1533203125, 9062.71875, 9062.771484375]
[8885.81345, 8880.0, 8880.0, 8882.634765625, 8883.2734375, 8883.2421875]
[8825.0, 8824.99999996, 8825.0, 8825.0, 8825.0, 8825.0]
[8820.0, 8817.0, 8820.0, 8818.326171875, 8818.666015625, 8818.6748046875]
[8816.9204496, 8815.42654159, 8816.9204496, 8816.0791015625, 8816.2314453125, 8816.26171875]
[8808.1, 8808.00000001, 8808.1, 8808.044921875, 8808.0556640625, 8808.0556640625]
[8808.0, 8806.8, 8806.8, 8807.330078125, 8807.466796875, 8807.4716796875]
[9180.0, 9165.19999998, 9180.0, 9171.90625, 9173.5322265625, 9173.4404296875]
[9200.0, 9199.0, 9199.0, 9199.4423828125, 9199.5556640625, 9199.5556640625]
[9224.61903185, 9220.0, 9224.61903185, 9222.017578125, 9222.48828125, 9222.5654296875]
[9248.79, 9240.0, 9248.79, 9243.982421875, 9244.94921875, 9244.873046875]
[9278.35171033, 9277.70909474, 9278.35171033, 9277.9931640625, 9278.06640625, 9278.064453125]
